$ 1 0.000005 10.20027730826997 50 5 43 5e-11
s -48 176 48 176 0 1 false
s 96 176 192 176 0 1 false
s -48 272 48 272 0 1 false
s 96 272 192 272 0 1 false
d 48 272 48 320 2 default
d 192 272 192 320 2 default
d 48 176 48 224 2 default
d 192 176 192 224 2 default
w 48 224 192 224 0
w 48 224 -80 224 0
w 48 320 192 320 0
w 48 320 -80 320 0
w -48 272 -48 176 0
w -48 176 -48 80 0
w 96 272 96 176 0
w 96 176 96 112 0
L -144 224 -192 224 0 0 false 5 0
L -144 320 -192 320 0 0 false 5 0
w -48 80 208 80 0
r -80 224 -144 224 0 100
r -144 320 -80 320 0 100
w 256 112 96 112 0
r 208 -16 208 48 0 1000
r 256 -16 256 48 0 1000
w 256 48 256 112 0
w 208 48 208 80 0
R 256 -16 256 -64 0 0 40 5 0 0 0.5
R 208 -16 208 -64 0 0 40 5 0 0 0.5
w 208 80 320 80 0
w 256 112 320 112 0
x 493 57 571 60 4 24 outputs
x -239 149 -73 152 4 24 scanning\sinputs
d 192 368 192 416 2 default
d 48 368 48 416 2 default
s 96 368 192 368 0 1 false
s -48 368 48 368 0 1 false
w -48 272 -48 368 0
w 96 272 96 368 0
w 192 416 48 416 0
w 48 416 -80 416 0
r -144 416 -80 416 0 100
L -144 416 -192 416 0 0 false 5 0
x -241 177 -79 180 4 24 L-row\sscanning
r 320 80 384 80 0 10000
r 320 112 384 112 0 10000
c 416 128 416 176 0 1.0000000000000001e-7 4.999999999999552 0.001
c 480 128 480 176 0 1.0000000000000001e-7 4.999999999999552 0.001
w 416 128 416 112 0
w 416 112 592 112 0
w 384 80 416 80 0
w 480 80 480 128 0
g 416 176 416 192 0 0
g 480 176 480 192 0 0
w 384 112 416 112 0
w 416 80 480 80 0
w 480 80 592 80 0
o 48 64 0 4099 5 0.00009765625 0 6 48 3 48 0 48 3 55 0 55 3
