$ 1 0.0000049999999999999996 34.14951009862697 58 2 43 5e-11
r 960 256 960 480 0 100
x 1002 394 1067 397 4 24 LOAD
209 848 352 848 416 0 0.00021999999999999998 -0.22574572735747175 0.001 1
r 848 416 848 480 0 0.1
w 848 480 960 480 0
x 863 438 912 441 4 24 ESR
v 544 480 544 400 0 0 40 1 0 0 0.5
x 458 445 517 448 4 24 NiMH
w 608 480 544 480 0
w 544 320 544 256 0
w 544 256 672 256 0
w 736 256 960 256 0
34 fwdrop\q0.3 1 6.8e-10 0 0.5494682300939311 20 1
d 848 480 736 480 2 fwdrop\q0.3
f 672 320 736 320 33 0.7 200
f 672 384 736 384 32 0.7000000000000001 200
w 736 336 736 352 0
w 736 352 736 368 0
w 672 320 672 352 0
w 672 352 672 384 0
w 736 256 736 304 0
w 736 400 736 480 0
w 736 352 784 352 0
w 784 352 848 352 0
r 672 480 672 384 0 47000
w 672 256 736 256 0
w 672 480 736 480 0
c 608 384 608 480 0 1.0000000000000001e-7 0.08239114423646997 0.001
w 608 480 672 480 0
r 608 384 608 320 0 4700
w 608 320 544 320 0
w 608 384 672 384 0
g 960 480 960 528 0 0
s 544 400 544 320 0 1 false
o 0 64 0 4099 2.5 0.025 0 2 0 3
